columbia_results : 5.803111553192139
[6.5417204, 5.6261325, 5.5694003, 6.0623994, 5.7748704, 5.8205223, 5.71733, 6.053947, 6.3956237, 5.2512827, 6.0894036, 5.7611337, 6.1088552, 5.541132, 5.061871, 5.5289984, 5.748274]
gazecaps_results : 10.098804417778464
[9.8941, 10.911868, 10.347511, 10.094103, 9.773748, 10.138637, 10.296971, 9.490624, 10.203129, 9.742493, 10.765834, 10.197563, 10.688798, 10.102102, 10.019199, 9.56302, 9.449974]


----39
columbia_results : 5.923819578610933
[6.5417204, 5.6261325, 5.7759542, 5.5813107, 5.6025324, 5.89181, 6.717863, 5.413823, 5.5078917, 6.8307066, 6.082803, 5.80868, 5.6046777, 5.375438, 6.1113214, 5.859432, 6.5501237, 5.516866, 5.6912003, 6.0287476, 5.9081645, 6.3827767, 5.9683366, 5.479609, 5.819737, 5.5587687, 5.2592516, 6.075575, 5.7407093, 6.170291, 5.551516, 6.8051624, 5.061867, 6.6939974, 6.0647383, 5.5268974, 6.735881, 5.744773, 6.361877]
0.4565434016078452
gazecaps_results : 10.041781816727076
[9.8941, 10.911868, 10.69216, 10.347511, 9.936072, 10.263375, 8.949915, 10.432515, 10.349224, 9.851796, 10.094103, 9.773748, 10.032947, 10.622863, 9.436145, 10.138637, 9.658183, 9.77169, 10.296971, 9.490624, 9.730129, 10.203129, 10.944582, 10.901193, 9.55785, 9.484258, 9.742493, 10.765834, 10.197563, 10.688798, 10.102102, 9.641106, 10.019199, 9.559767, 10.281225, 9.56302, 9.734399, 9.449974, 10.1184225]
0.47016787284082023

['data-0026.npy', 'data-0009.npy', 'data-0005.npy', 'data-0044.npy', 'data-0024.npy', 'data-0021.npy', 'data-0016.npy', 'data-0038.npy', 'data-0013.npy', 'data-0023.npy', 'data-0033.npy', 'data-0008.npy', 'data-0054.npy', 'data-0035.npy', 'data-0028.npy', 'data-0030.npy', 'data-0025.npy', 'data-0020.npy', 'data-0056.npy', 'data-0001.npy', 'data-0034.npy', 'data-0039.npy', 'data-0042.npy', 'data-0053.npy', 'data-0049.npy', 'data-0041.npy', 'data-0018.npy', 'data-0040.npy', 'data-0027.npy', 'data-0045.npy', 'data-0015.npy', 'data-0017.npy', 'data-0029.npy', 'data-0036.npy', 'data-0019.npy', 'data-0014.npy', 'data-0011.npy', 'data-0052.npy', 'data-0037.npy']
